0,406
0,405
0,404
0,430
0,402
0,401
0,429
0,428
78,5
78,4
78,3
78,2
0,398
78,1
78,0
0,397
0,399
77,4
77,3
77,2
0,396
77,1
77,0
2,5
2,1
2,4
0,395
0,394
76,6
76,5
76,4
76,3
76,2
0,427
76,1
76,0
0,393
0,392
75,3
75,2
0,391
75,1
75,0
0,426
74,3
74,2
0,389
74,1
74,0
0,385
0,387
0,386
0,383
0,425
0,424
2,2
2,0
0,381
0,382
0,384
0,378
0,380
0,379
0,376
0,423
0,377
0,375
0,422
0,421
0,373
0,372
0,374
0,420
0,419
0,415
2,3
17,3
0,412
1,3
73,5
73,4
73,3
73,2
0,432
73,1
73,0
0,431
0,411
72,4
72,3
72,2
0,9
0,410
72,1
72,0
0,409
0,407
71,6
71,5
71,4
71,3
71,2
0,371
71,1
71,0
0,370
0,369
70,4
70,3
70,2
0,368
70,1
70,0
0,367
0,366
69,3
69,2
0,365
69,1
69,0
0,360
0,362
0,361
0,357
0,359
0,358
0,354
0,356
0,355
0,308
0,307
0,10
0,12
0,310
0,8
0,304
0,302
0,351
0,305
0,303
0,353
0,352
0,347
0,300
0,299
0,298
0,403
0,297
0,296
0,295
0,294
0,293
0,292
0,291
0,290
0,289
0,288
0,287
0,286
0,285
0,284
0,283
0,282
0,281
0,280
0,279
0,278
0,277
0,276
0,275
0,274
0,273
0,272
0,271
0,270
0,269
0,268
0,267
0,266
0,265
0,264
0,263
0,262
0,261
0,260
0,259
0,258
0,257
0,256
0,255
0,254
0,253
0,252
0,251
0,250
0,249
0,248
0,247
0,246
0,245
0,244
0,242
0,241
0,240
0,239
0,238
0,237
0,236
0,235
0,234
0,233
0,232
0,231
0,230
0,229
0,228
0,227
0,226
0,225
0,224
0,223
0,222
0,221
0,220
0,219
0,218
0,217
0,216
0,215
0,214
0,213
0,212
0,211
0,210
0,209
0,208
0,207
0,206
0,199
0,198
0,62
0,61
0,325
0,60
0,324
0,59
0,323
0,58
0,321
0,57
0,320
0,56
0,319
0,55
0,318
0,54
0,317
0,53
0,316
0,52
0,315
0,51
0,314
0,50
0,313
0,49
0,312
0,48
0,311
0,47
0,309
0,46
0,306
0,45
0,301
0,6
0,205
0,342
0,204
0,341
0,203
68,4
68,3
68,2
0,340
68,1
68,0
0,202
0,339
0,201
0,338
0,200
67,6
67,5
67,4
67,3
67,2
0,337
67,1
67,0
0,197
0,4
66,6
66,5
66,4
66,3
66,2
0,334
66,1
66,0
0,196
0,333
0,195
0,332
0,194
65,4
65,3
65,2
0,331
65,1
65,0
0,193
0,330
0,192
0,329
0,63
64,3
64,2
0,11
0,328
64,1
64,0
0,7
63,5
63,4
63,3
63,2
63,1
63,0
62,4
62,3
62,2
62,1
62,0
61,5
61,4
61,3
61,2
61,1
61,0
60,4
60,3
60,2
0,437
60,1
60,0
59,3
59,2
59,1
59,0
0,436
58,5
58,4
58,3
58,2
0,435
58,1
58,0
0,434
57,3
57,2
0,433
57,1
57,0
56,4
56,3
56,2
56,1
56,0
55,5
55,4
55,3
55,2
55,1
55,0
54,3
54,2
54,1
54,0
53,4
53,3
53,2
53,1
53,0
52,4
52,3
52,1
51,3
51,1
50,4
50,3
50,1
24,4
24,3
24,2
24,1
24,0
23,3
23,2
23,1
23,0
22,3
22,2
22,1
22,0
21,4
21,3
21,2
21,1
21,0
20,3
20,2
20,1
20,0
19,3
19,2
19,1
19,0
18,3
18,2
18,1
18,0
17,2
17,0
16,3
16,2
16,1
16,0
15,3
15,2
15,1
15,0
14,3
14,2
14,1
14,0
13,3
13,2
13,1
13,0
12,4
12,3
12,2
12,1
12,0
11,4
11,3
11,2
11,1
11,0
10,4
10,3
10,2
10,1
10,0
9,3
9,2
9,1
9,0
8,3
8,2
8,1
8,0
7,4
7,3
7,2
7,1
7,0
6,3
6,2
6,1
6,0
4,3
4,2
4,1
4,0
3,6
3,5
3,4
3,3
3,2
3,1
3,0
17,1
1,2
1,1
1,0
0,322
0,243
0,0
0,400
0,388
0,390
0,408
0,418
0,417
0,416
0,414
0,413
0,364
0,363
0,350
0,349
0,348
0,346
0,345
0,344
0,343
0,336
0,335
0,327
0,326
0,5
0,1
0,2
0,3
